v_start: 21; angle: 45; h_start: 0; g: 9.81; Z: 44.9541; Hmax: 11.2385; th: 1.51368; 
v_start: 21; angle: 45; h_start: 0; g: 9.81; Z: 44.9541; Hmax: 11.2385; th: 1.51368; 
v_start: 21; angle: 45; h_start: 0; g: 9.81; Z: 44.9541; Hmax: 11.2385; th: 1.51368; 
